version https://git-lfs.github.com/spec/v1
oid sha256:c1c3162b364c06ddd388c7a1f0a3ae0d43c4fb51bcb5515de55a488007878ffc
size 717
